function [world] = createWorld()
%createWorld is function to populate 
% [ xi,yi,ri ; ...]
world = [0 0 40;
    4.623 -4.623 1;
    2.2981    2.5094 1;
    -1.4000    0.0792 1;
    -4.7283   -0.8717 1;
    -2.4566    3.4075 1;
    6.7358    5.2038 1;
    11.0151   11.5962 1;
    -10.8038   10.4868 1;
    -12.6528   -2.7736 1;
    -11.8075  -11.8075 1;
    -2.1633   -3.5102 1;
    -12.5306    6.7755 1;
    4.7755   -0.3265 1;
    8.1224   -9.7959 1;
    -7.3878  -11.5102 1;
    -4 9 2;2.76 8 1.5;
    -0.48 11 1/2;
    1.2682 -9.6210 2;
    -8.5277 -7.0845 2;
    -9.0525 2.8863 2;
    10.7143 3.0612 2;
    -3.4548 -6.9971 1;
    -8.408 -1.4869 1;
    -5.0292 4.8980 0.7;
    -0 6.2099 1;
    7.4781 8.4840 1;
    10.0146 -5.5102 2];
end

